2020103792
2020102925
2018105345
2020103154
2019100549
2018100410
2019105877
2018106357
2020106678
2018105338
2020101198
2019105421
2020104285
2018104797
2017105321
2017106240
2018106077
2019104962
2018102608
2019105329
2018100756
2019105760
2019101819
2018103021
2020106706
2019107075
2019105451
2020102378
2019104976
2018102009
2020110155
2018104896
2021105764
2021105548
2021104461
2021103325
2021105414
2021102653
2021104200
2021105541
2021104103
2021104189
2021110014
2021106298
2021105536
2021105863
2021110031
2021105160
2021102561
2021101386
2021106548
2021102510
2021105202
2021106594
2021107098
2021104911
2021101385
2018110137
2018106324
2020103082
2020102873
2019100668
2018105505
2020104564
2018100397
2020104426
2018103927
2019105048
2018104225
2019105482
2018102227
2018105043
2019102888
2019104756
2020103434
2017104852
2018103223
2016103884
2019106985
2019106933
2017110026
2019110102
2020103732
2019104556
2017103000
2018104261
2019100684
2020103390
2019105483
2018105366
2017104093
2019105824
2020102340
2018102163
2018105021
2019102611
2020105746
2020102935
2019100915
2019101825
2020102716
2020106633
2020101577
2020104649
2018106739
2019103816
2018104534
2019104675
2020102971
2018104621
2018103296
2019101262
2020100686
2020104825
2020100151
2020106987
2019109109
2017101991
2018104559
2019100168
2020101275
2019104877
2019106608
2019105095
2020102044
2016100201
2018103473
2019106165
2020101856
2020104148
2018100719
2020102845
2017103184
2018110119
2020103005
2019101607
2020105643
2018104517
2019104118
2020100684
2020101766
2020106635
2019103401
2019106419
2020103697
