2018101626
2018105193
2018104800
2018102410
2018100828
2018106434
2017102915
2017104160
2017103953
2017106389
2017100813
2017104334
2017104065
2017103915
2017106103
2017102190
2017103996
2017104859
2017102918
2017100432
2017105153
2017101757
2017103841
2017101364
2017105261
2017103355
2017104882
2017105324
2017105136
2017106065
2017103622
2017104792
2017103709
2017105242
2017103422
2017105956
2017105800
2017106161
2017101846
2017106540
2017102604
2017102315
2017100166
2017103353
2017101168
2017104082
2017101120
2017100557
2018100049
2018100583
2018106317
2018106507
2018103956
2018110107
2017105368
2017101525
2017104227
2017106535
2017105323
2017100086
2017102705
2017102268
2017105043
2017105036
2017105077
2017110014
2017104300
2017105076
2017102076
2017103170
2014103036
2017110173
2017104472
2017100827
2016105812
2016102082
2017103991
2016110118
2017105814
2016102889
2016102216
2016109096
2017100993
2016105530
2017101239
2014100977
2015104254
2016104273
2016100170
2017101966
2017105402
2017105117
2017100915
2016104961
2017103569
2017101746
2016100273
2013102840
2014100407
2017105555
2015101581
2014105275
2015105143
2016100718
2014102395
2016110072
2015101912
2016105815
2016101340
2014103453
2016110041
2014103017
2016104454
2016101465
2013105855
2015104675
2016110158
2014106179
2016104486
2016102073
2015102528
2015102264
2016104855
2016110148
2017105360
2015104546
2016105038
2014103850
2017106392
2016104448
2017101151
2017104059
2015101382
2016100033
2016105303
2016102389
2016102972
2018110040
2018105357
2018100769
2018105660
2018105481
2018106349
2018103122
2017105306
2017100213
2017101997
2017100458
2017101135
2017104087
2017106060
2017104246
2017102741
2017104752
2017100722
2017100385
2017105758
2017102346
2017106533
2017105188
2017104780
2017109085
2017103588
2017104551
2017101571
2017101742
2017100324
2017103808
2017100059
2017100290
2017104964
2017105663
2017101523
2017104926
2017105645
2017103233
2017105511
2017103919
2017100609
2017105918
2017101865
2017101856
2018106532
2018105722
2018105266
2018104261
2018104968
2018102570
2018104807
2018100219
2018110092
2018105541
2018101488
2018105329
2018104775
2016102273
2016105756
2016104436
2015100731
2014105080
2016104717
2017101451
2017103877
2016104295
2016106313
2017102808
2016102097
2017101727
2016104544
2017100521
2016100751
2016103595
2016102038
2016100126
2017100098
2016104240
2017102037
2016104524
2016102005
2015104750
2017110165
2016100472
2016103462
2017105060
2016104605
2016104198
2017101248
2016102735
2015104131
2014101392
2016103138
2016105553
2016102768
2015100061
2016105718
2015103853
2013104137
2015100902
2014105851
2015110015
2015100958
2015106059
2016102303
2016101093
2016102556
2014103486
2014103607
2015105131
2016103774
2017105509
2016105872
2016104642
2016104680
2017110128
2016102162
2017104266
2016104805
2016102814
2016102289
2016106379
2018105308
2018105621
2018103953
2018105817
2018103611
2018105034
2018100955
2018105954
2018106716
2017102196
2017102434
2017106254
2017103202
2017103978
2017101242
2017105618
2017101430
2017100393
2017103070
2017105542
2017100822
2017105087
2017102355
2017103650
2017100040
2017103798
2017103002
2017102671
2017103656
2017105474
2017101350
2017106444
2017104134
2017103310
2017106430
2017101071
2017101743
2017105448
2017105024
2017105554
2017103859
2017104997
2017103142
2017103196
2017103386
2017100128
2017106760
2017104102
2017105625
2018101067
2018103086
2018105008
2018104267
2018102114
2018100328
2018100499
2018100989
2018101171
2017102247
2017104904
2017105345
2017106226
2017103370
2017104062
2017104924
2017106454
2017110008
2017101510
2017104630
2017105942
2017104901
2017103808
2017103330
2017110134
2017106203
2017105267
2017106724
2014105080
2016105536
2015104245
2016100751
2016103595
2017103996
2014101948
2016102749
2017106237
2016100546
2015102211
2016105718
2017102007
2017105533
2015105319
2017101381
2016102207
2017103886
2017106131
2017106137
2017103295
2017100583
2015100051
2015103214
2014104326
2017106640
2016102111
2017102935
2017105000
2016104452
2016103294
2013105912
2016104625
2016102311
2017105106
2015102431
2016100472
2015106466
2013103324
2015103201
2015104925
2016100107
2016104634
2016105272
2015105352
2016100926
2016103958
2016110103
2013105681
2016102362
2015103930
2014106120
2017106337
2016104716
2017105279
2016105530
2017110122
2016110154
2016102991
2015100491
2017103714
2017104266
2017105895
2017103493
2018103750
2018102663
2018104198
2018101608
2018103671
2018101894
2018100109
2018103951
2017101420
2017105750
2017106231
2017105188
2017101034
2017102309
2017105644
2017101985
2017100428
2017104677
2017106576
2017101001
2017105208
2017105158
2017105137
2017101924
2017105996
2017101296
2017103133
2017105673
2017104727
2017102730
2017102618
2017103472
2017105400
2017106063
2017104316
2017104792
2017104559
2017103309
2017101857
2017103092
2017102881
2017106302
2017105958
2017103320
2017101757
2017106379
2017102371
2017106172
2017103364
2017100458
2017102393
2017106436
2018110086
2018105418
2018105036
2018110038
2018106079
2018102444
2018100361
2017100081
2017106185
2017103989
2017101597
2017100850
2016102368
2014105134
2016100170
2016102855
2014103590
2014102483
2017104964
2016105270
2016102113
2017105318
2017101988
2015105202
2017106220
2017105829
2017105445
2017101445
2017101451
2016103607
2014104973
2017102952
2017104488
2017104238
2015104149
2017104612
2017100918
2017103825
2017109028
2015101624
2016106106
2016100889
2014102135
2016101384
2017100577
2017100247
2016104817
2014105352
2016105702
2016104692
2014102543
2016100140
2014102730
2015100384
2015104277
2016103022
2016104389
2016104515
2017101730
2016101941
2016105230
2016104829
2015100600
2016104791
2014102161
2016104593
2015100713
2014101505
2016109023
2016104880
2015104921
2015102382
2014100492
2015103392
2017104068
2015103675
2016104232
2015102745
2013100731
2017110103
2015105120
2017105348
2017105429
2016105211
2017104000
2013102841
2017102638
2014104144
2018103711
2018105624
2018110063
2018103861
2018103122
2018110092
2018101894
2018100161
2018102912
2018110085
2018104267
2018102570
2018105663
2018102255
2018101549
2018100828
2017103835
2017106533
2017100813
2017106034
2017105176
2017103285
2017105800
2017101815
2017104780
2017102662
2017100283
2017100157
2017105735
2017105234
2017105261
2017105003
2017105323
2017103092
2017105132
2017109075
2017104284
2017105624
2017100034
2017105482
2017101374
2017105996
2017101778
2017104191
2018106837
2018104041
2018105530
2018104056
2018103349
2018101544
2018100299
2018106439
2018100735
2017101525
2017104227
2017103108
2017100086
2017105075
2017106637
2017101120
2017105415
2017106259
2017106535
2017101523
2017104998
2017100369
2017101172
2017104214
2017105277
2017100538
2014103036
2016100505
2017103650
2017100850
2015101248
2017100827
2016101346
2016104863
2017104764
2017102138
2016105527
2017104704
2017101239
2017100993
2017103489
2015100491
2014103870
2016106106
2015104254
2016104252
2017105254
2015103534
2016103091
2016100889
2016104725
2016104663
2013100376
2015105202
2017106586
2016104961
2015100731
2016101165
2017100915
2017100366
2012101232
2017102011
2016100947
2016102219
2015100644
2016109096
2017104488
2016104569
2014100407
2016104645
2016105320
2013106303
2016110061
2016100855
2015104834
2016104635
2016103387
2017101695
2017105585
2015104671
2011104117
2014100208
2013106118
2014105081
2014102253
2015105108
2016100503
2014104623
2016104864
2016105872
2016102162
2017105490
2016102814
2016104831
2016104680
2016105108
2017100275
2016105303
2018104036
2018105226
2018101480
2018102410
2018106349
2018103956
2018105434
2018101331
2017101400
2017103329
2017100213
2017105768
2017103030
2017103708
2017101997
2017102919
2017103373
2017103079
2017102978
2017101067
2017101846
2017106161
2017105431
2017103910
2017103358
2017102426
2017105188
2017104757
2017103058
2017103943
2017104905
2017104001
2017101438
2017102931
2017101756
2017106403
2017104870
2017101991
2017100519
2017101364
2017103103
2017104782
2017104033
2017103278
2017103804
2017106213
2017100056
2017105391
2017104231
2017104909
2018105280
2018106513
2018105648
2018106583
2018100430
2018103574
2018100174
2018102843
2017105513
2017105616
2017105590
2017101850
2017105102
2017105273
2017105088
2017102705
2017103919
2017101516
2017105077
2017105645
2017110047
2017102121
2017105334
2017103501
2016102097
2017100257
2015104245
2016105328
2015104328
2016102368
2017104204
2017103781
2016104544
2017101727
2015101808
2017100521
2015106174
2016102113
2016105756
2017101445
2017105117
2016104436
2014105017
2015104457
2017101988
2016104416
2016104563
2017100796
2013110085
2015104190
2017102037
2016103138
2016104240
2016102311
2013104025
2016101035
2015105018
2016102273
2014104912
2016102295
2014105422
2016103615
2013100731
2015105120
2015105319
2016102768
2013102841
2016103741
2015100384
2015104337
2015104107
2012104882
2014104259
2014101727
2013102815
2015100318
2013105399
2014102197
2014101173
2014100618
2015102374
2014110074
2013106094
2015103221
2015104546
2014103850
2017103123
2016106030
2016101114
2016103620
2017103137
2017106103
2017106640
2017106128
2017106137
2015104753
2016106379
2014103590
2017104475
2016102972
2018106513
2018105722
2018105450
2018105621
2018100174
2018105666
2018101608
2018102663
2018105007
2018104407
2018104013
2018103717
2018106716
2018101388
2018100735
2018103951
2017103048
2017106231
2017101743
2017100166
2017105263
2017102604
2017103588
2017105288
2017105539
2017102927
2017101568
2017103497
2017105664
2017101742
