202006010101
202006010102
202006010103
202006010104
202006010105
202006010106
202006010107
202006010108
202006010109
202006010110
202006010111
202006010112
202006010201
202006010202
202006010203
202006010204
202006010205
202006010206
202006010207
202006010208
202006010209
202006010210
202006010211
202006010212
202006010301
202006010302
202006010303
202006010304
202006010305
202006010306
202006010307
202006010308
202006010309
202006010310
202006010311
202006010312
202006010401
202006010402
202006010403
202006010404
202006010405
202006010406
202006010407
202006010408
202006010409
202006010410
202006010411
202006010412
202006010501
202006010502
202006010503
202006010504
202006010505
202006010506
202006010507
202006010508
202006010509
202006010510
202006010511
202006010512
202006010601
202006010602
202006010603
202006010604
202006010605
202006010606
202006010607
202006010608
202006010609
202006010610
202006010611
202006010612
202006010701
202006010702
202006010703
202006010704
202006010705
202006010706
202006010707
202006010708
202006010709
202006010710
202006010711
202006010712
202006010801
202006010802
202006010803
202006010804
202006010805
202006010806
202006010807
202006010808
202006010809
202006010810
202006010811
202006010812
202006010901
202006010902
202006010903
202006010904
202006010905
202006010906
202006010907
202006010908
202006010909
202006010910
202006010911
202006010912
202008010101
202008010102
202008010103
202008010104
202008010105
202008010106
202008010107
202008010108
202008010109
202008010110
202008010111
202008010112
202008010201
202008010202
202008010203
202008010204
202008010205
202008010206
202008010207
202008010208
202008010209
202008010210
202008010211
202008010212
202008010301
202008010302
202008010303
202008010304
202008010305
202008010306
202008010307
202008010308
202008010309
202008010310
202008010311
202008010312
202008010401
202008010402
202008010403
202008010404
202008010405
202008010406
202008010407
202008010408
202008010409
202008010410
202008010411
202008010412
202008010501
202008010502
202008010503
202008010504
202008010505
202008010506
202008010507
202008010508
202008010509
202008010510
202008010511
202008010512
202008010601
202008010602
202008010603
202008010604
202008010605
202008010606
202008010607
202008010608
202008010609
202008010610
202008010611
202008010612
202008010701
202008010702
202008010703
202008010704
202008010705
202008010706
202008010707
202008010708
202008010709
202008010710
202008010711
202008010712
202008010801
202008010802
202008010803
202008010804
202008010805
202008010806
202008010807
202008010808
202008010809
202008010810
202008010811
202008010812
202008010901
202008010902
202008010903
202008010904
202008010905
202008010906
202008010907
202008010908
202008010909
202008010910
202008010911
202008010912
202010010101
202010010102
202010010103
202010010104
202010010105
202010010106
202010010107
202010010108
202010010109
202010010110
202010010111
202010010112
202010010201
202010010202
202010010203
202010010204
202010010205
202010010206
202010010207
202010010208
202010010209
202010010210
202010010211
202010010212
202010010301
202010010302
202010010303
202010010304
202010010305
202010010306
202010010307
202010010308
202010010309
202010010310
202010010311
202010010312
202010010401
202010010402
202010010403
202010010404
202010010405
202010010406
202010010407
202010010408
202010010409
202010010410
202010010411
202010010412
